Chucky Hepburn|22|0|0.5|1|0.5|0|0|0|0
Tosan Evbuomwan|24|0|0.4|0|0|0|0|0|0
Noa Essengue|19|0|0|0|0.5|0|0|0|0
Darius Brown II|26|0|1|0|0|0|0|0|0
Jahmyl Telfort|24|0.1|0.4|0.1|0.1|0|0|0|0.25
Max Shulga|23|0.6|0.5|0.2|0.1|0|0.25|0.25|1
N'Faly Dante|24|0.8|1.8|0|0.5|0|0.25|0|1
Garrett Temple|39|0.8|0.4|0.4|0.2|0.1|0.267|0.25|0.667
Chris Manon|24|0.8|1.1|0.3|0.6|0.2|0.333|0|0.75
Vladislav Goldin|24|0.8|1|0.3|0|0.3|0.75|0|1
Markelle Fultz|27|0.8|0.2|1.6|0.4|0|0.182|0|0
Drew Peterson|26|0.8|1.5|0.3|0.5|0.2|0.125|0|0.5
Johni Broome|23|0.9|1.5|0.4|0.3|0.2|0.167|0|0.333
Bismack Biyombo|33|0.9|1|0.2|0.2|0.1|0.6|0|0.714
Stanley Umude|26|1|0|0.5|0.5|0|0.5|0|0
Dario Saric|31|1|1.2|0.4|0|0|0.167|0.333|1
Hunter Sallis|22|1|0.1|0.6|0|0.1|0.6|0|0.5
Trevor Keels|22|1|0.3|0|0.1|0|0.25|0.222|0
Trey Jemison|26|1|1.4|0.4|0.1|0.2|0.6|0|1
Javonte Cooke|26|1.2|1|0.4|0.3|0|0.22|0.13|1
Kyle Lowry|39|1.2|0.6|0.8|0.1|0.1|0.16|0.16|0.833
Colin Castleton|25|1.3|2|0.3|0.3|0|0.4|0|1
Nigel Hayes-Davis|31|1.3|1.2|0.3|0.3|0.1|0.326|0.125|0.5
Dillon Jones|24|1.3|1|0.6|0.4|0|0.222|0.2|1
Isaac Jones|25|1.3|0.7|0.1|0|0.1|0.429|0|0.75
TyTy Washington Jr.|24|1.3|0.4|1.1|0.4|0.2|0.474|0.375|0
Amari Williams|24|1.4|1.8|0.5|0.1|0.5|0.5|0|0.714
Thanasis Antetokounmpo|33|1.4|0.9|0.4|0.4|0.2|0.469|0|0.567
Xavier Tillman Sr.|27|1.5|1.4|0.4|0.3|0.2|0.435|0.167|0.25
Buddy Boeheim|26|1.5|0|0|0|0|0.333|0.333|0
Joe Ingles|38|1.5|0.7|1.3|0.3|0.1|0.593|0.438|1
Jonathan Mogbo|24|1.5|1.7|0.6|0.3|0.2|0.591|0|0.643
Mason Plumlee|35|1.6|2.7|1|0.5|0|0.786|0|0.643
Harrison Ingram|23|1.6|0.4|0.1|0|0|0.833|1|0
Jacob Toppin|25|1.6|0.2|0.2|0|0.2|0.667|0|0
Pacome Dadiet|20|1.7|0.9|0.4|0.1|0|0.333|0.219|0.818
Wendell Moore Jr.|24|1.7|1|0.7|0.3|0.3|0.571|0|1
Brooks Barnhizer|23|1.7|2|0.6|0.3|0.1|0.38|0.292|0.7
Orlando Robinson|25|1.8|1|0.8|0.3|0|0.6|0.5|0
Cody Martin|30|1.8|3.5|0.5|1|0.5|0.2|0|0.5
Jahmir Young|25|1.8|0.3|0.6|0.1|0|0.4|0.333|1
Isaiah Livers|27|1.8|1.7|0.6|0.4|0.2|0.344|0.3|0.75
Bobi Klintman|22|1.8|1.6|0.5|0.3|0|0.333|0.308|0
Sean Pedulla|23|1.9|0.4|0.7|0|0|0.333|0.3|0
Adou Thiero|21|1.9|1.1|0.4|0.3|0.1|0.516|0.333|0.636
Alex Morales|28|2|0.8|1|0|0|0.429|0|1
Maxi Kleber|34|2|2|0.6|0.4|0.3|0.452|0.231|0.538
Jayson Kent|23|2|1|0|0.2|0.2|0.571|0.25|1
Colby Jones|23|2|4|2|0|0|0.333|0|0
Trentyn Flowers|20|2|0.5|0.5|0|0|0.667|0|0
Isaiah Crawford|24|2|1.1|0.4|0.1|0.2|0.417|0.231|0.833
Dalano Banton|26|2|0.8|1.8|0.3|0.8|0.333|0|1
Jordan McLaughlin|29|2|0.7|0.9|0.5|0|0.418|0.425|0.857
Johnny Juzang|24|2|0.8|0.3|0.1|0|0.421|0.25|0.625
Chris Youngblood|23|2.1|0.8|0.4|0.1|0.1|0.349|0.333|0.9
Ariel Hukporti|23|2.2|2.9|0.5|0.2|0.5|0.563|0.25|0.788
Hunter Tyson|25|2.2|1.7|0.8|0.1|0|0.269|0.212|0.846
Yang Hansen|20|2.2|1.5|0.5|0.1|0.2|0.31|0.119|0.824
Alijah Martin|24|2.2|0.9|0.5|0.3|0.2|0.32|0.19|0.789
Jeff Green|39|2.2|0.8|0.3|0.1|0.1|0.368|0.273|1
Luke Travers|24|2.3|2|0.8|0.6|0.3|0.25|0.063|1
Caleb Houstan|23|2.3|0.6|0.2|0.1|0.1|0.538|0.524|1
Chris Boucher|33|2.3|2|0.3|0.6|0.8|0.32|0.133|0.75
Chaz Lanier|24|2.4|0.7|0.5|0.2|0|0.315|0.284|0.833
Andre Jackson Jr.|24|2.4|1.5|0.9|0.4|0.1|0.328|0.25|0.625
Lindy Waters III|28|2.4|0.7|0.5|0.2|0|0.375|0.342|0.667
Kevin McCullar Jr.|24|2.4|1.3|1|0.4|0|0.426|0.333|0.4
Hunter Dickinson|25|2.4|1|0.4|0.2|0.4|0.357|0|1
Lachlan Olbrich|22|2.4|3|1.1|0.3|0.2|0.468|0.105|0.375
JD Davison|23|2.5|1.2|1.3|0.2|0.2|0.375|0.25|0.684
John Tonje|24|2.5|1|0.3|0.3|0|0.286|0.3|1
Mo Bamba|27|2.5|5.5|0.3|0|0.8|0.455|0|0
Jonathan Isaac|28|2.6|2.5|0.4|0.4|0.6|0.422|0.184|0.603
Pat Connaughton|33|2.6|1.5|0.4|0.3|0|0.447|0.404|0.65
Gary Harris|31|2.7|1.3|1.1|0.6|0.2|0.442|0.412|0.889
Antonio Reeves|25|2.7|0.8|0.3|0.1|0|0.5|0.538|0
Christian Koloko|25|2.7|3|0.7|0.5|0.9|0.419|0.111|0.667
Rocco Zikarsky|19|2.8|2.8|0.4|0|1|0.625|0|1
Jae'Sean Tate|30|2.8|1.6|0.5|0.2|0.1|0.514|0.313|0.636
Kevon Looney|29|2.8|5.6|1.6|0.4|0.5|0.417|0.154|0.7
Norchad Omier|24|2.8|1.2|0.3|0.2|0|0.7|0|1
Cam Christie|20|2.8|1.4|0.6|0.3|0.1|0.381|0.245|0.76
Kobe Bufkin|22|2.9|0.8|0.6|0.1|0.2|0.3|0.192|0.917
Curtis Jones|24|2.9|1.1|1|0.4|0|0.407|0.333|0.5
Bronny James|21|2.9|0.5|1.2|0.5|0.1|0.409|0.386|0.857
David Jones Garcia|24|2.9|1.2|1.6|0.5|0.1|0.52|0.6|0.5
Julian Phillips|22|2.9|1|0.2|0.5|0.1|0.421|0.308|0.783
Duop Reath|29|2.9|1.2|0.3|0.2|0.3|0.446|0.418|0.833
Chris Paul|40|2.9|1.8|3.3|0.7|0|0.321|0.333|0.5
Tyus Jones|29|3|1.1|2.4|0.6|0|0.349|0.292|0.778
Monte Morris|30|3|1.2|1.5|0.2|0.2|0.35|0.25|0.5
Emanuel Miller|25|3|0.6|0.8|0.4|0|0.462|0.333|0.5
Chris Livingston|22|3|1|0.3|0.3|0|0.571|0|1
CJ Huntley|24|3|1.3|0.5|0.3|0|0.545|0|0
Khaman Maluach|19|3|2.9|0.1|0.1|0.7|0.533|0.238|0.71
Miles Kelly|23|3.1|1.7|0.9|0.3|0.1|0.364|0.303|1
Mark Sears|23|3.1|0.3|0.3|0|0|0.462|0.5|0.75
Jamison Battle|24|3.1|1.5|0.4|0.1|0|0.51|0.412|0.643
Kelly Olynyk|34|3.2|1.8|1.2|0.4|0.1|0.49|0.255|0.711
Alex Antetokounmpo|24|3.2|1|0.2|0|0.2|0.375|0.286|0.733
Amir Coffey|28|3.2|1.2|0.6|0.2|0.1|0.487|0.347|0.786
James Wiseman|24|3.3|2|0.8|0|0.3|0.6|0|0.5
Enrique Freeman|25|3.3|2.5|0.5|0.5|0.8|0.5|0.5|0.75
Malevy Leons|26|3.3|2.1|0.9|0.6|0.4|0.444|0.25|0.789
Dorian Finney-Smith|32|3.3|2.5|1|0.4|0.2|0.333|0.27|0.889
Isaiah Stevens|25|3.3|1|3.3|1.7|0|0.429|0|1
Dwight Powell|34|3.3|4.1|1.1|0.5|0.3|0.644|0.286|0.696
AJ Johnson|21|3.3|1.1|1|0.2|0.1|0.324|0.211|0.85
Taj Gibson|40|3.4|2.7|0.6|0.2|0.1|0.462|0.5|0.875
Drew Timme|25|3.4|1.2|0.9|0.2|0|0.576|0.44|0.556
Trayce Jackson-Davis|25|3.4|2.7|0.7|0.3|0.5|0.573|1|0.514
Yuki Kawamura|24|3.4|1.8|2.6|0.5|0|0.327|0.297|0.895
Olivier Sarr|26|3.5|2.8|1.3|0.5|0.8|0.714|0.667|0.4
Keaton Wallace|26|3.5|1.1|1.8|0.5|0.1|0.398|0.373|0.667
Mohamed Diawara|20|3.6|1.4|0.8|0.2|0.1|0.423|0.369|0.75
Jeremy Sochan|22|3.6|2.4|0.9|0.4|0.2|0.496|0.244|0.731
Myron Gardner|24|3.6|2.7|1|0.4|0.2|0.48|0.406|0.731
Zeke Nnaji|25|3.7|2.6|0.6|0.3|0.5|0.47|0.259|0.773
Dalen Terry|23|3.7|1.8|1.4|0.6|0.3|0.439|0.364|0.533
Patrick Baldwin Jr.|23|3.7|2.6|0.6|0.3|0.6|0.407|0.429|0.714
DaRon Holmes|23|3.7|1.4|0.6|0|0.2|0.508|0.444|0.786
Tolu Smith|25|3.7|3.3|0.9|0.1|0.4|0.5|0|0.667
Larry Nance Jr.|33|3.7|2.7|1|0.6|0.2|0.419|0.333|0.462
Koby Brea|23|3.8|0.7|0.8|0.1|0|0.417|0.433|1
Clint Capela|31|3.8|4.6|0.7|0.5|0.8|0.52|0.5|0.577
Omer Yurtseven|27|3.8|3.3|0.9|0.2|0.1|0.423|0|0.667
Noah Penda|21|3.8|3.2|1.2|0.5|0.3|0.404|0.323|0.688
Riley Minix|25|3.9|0.7|0.6|0.2|0.1|0.609|0.333|1
Joan Beringer|19|3.9|2.3|0.3|0.2|0.7|0.663|0|0.703
Hugo Gonzalez|19|3.9|3.3|0.5|0.6|0.3|0.476|0.362|0.5
Caleb Martin|30|3.9|2.5|1.4|0.7|0.3|0.45|0.351|0.607
Tony Bradley|28|4|2.8|0.5|0.1|0.2|0.547|0.5|0.744
Nicolas Batum|37|4|2.5|0.9|0.6|0.3|0.403|0.404|0.818
Brandon Clarke|29|4|3|0.5|1|0|0.333|0|0.5
Jaylen Clark|24|4|1.8|0.6|0.7|0.1|0.434|0.327|0.657
Tristan Enaruna|24|4.1|1.6|0.8|0.6|0|0.5|0.3|0.75
Carter Bryant|20|4.2|2.5|0.7|0.2|0.3|0.408|0.335|0.714
A.J. Lawson|25|4.2|1.8|0.3|0.5|0.2|0.436|0.422|0.778
Dalton Knecht|24|4.2|1.4|0.4|0.2|0.2|0.455|0.342|0.727
Ron Harper Jr.|25|4.2|1.7|0.8|0.3|0.3|0.418|0.35|0.75
Grant Nelson|23|4.3|1.5|1.3|0.3|1.3|0.556|0|0.7
Keshad Johnson|24|4.3|1.9|0.3|0.5|0.3|0.49|0.295|0.724
Keshon Gilbert|22|4.3|1.3|3|0.8|1|0.417|0|1
Liam McNeeley|20|4.3|2.4|0.8|0.2|0.1|0.4|0.4|0.821
Dereck Lively II|21|4.3|5.3|1.9|0.6|1.6|0.611|0|0.8
Yanic Konan Niederhauser|22|4.3|2.9|0.3|0.1|0.7|0.64|0.2|0.758
Josh Green|25|4.3|1.8|0.8|0.6|0.1|0.459|0.42|0.893
Micah Peavy|24|4.3|1.9|1|0.7|0.1|0.385|0.259|0.759
Jabari Walker|23|4.3|3|0.5|0.4|0.2|0.455|0.337|0.735
Rasheer Fleming|21|4.3|2.3|0.3|0.4|0.4|0.405|0.346|0.559
Skal Labissiere|29|4.3|3|1|0.7|0.3|0.6|0.2|0
RayJ Dennis|24|4.4|1.5|1.9|0.2|0.2|0.313|0.311|0.889
Gabe Vincent|29|4.4|1|1.4|0.5|0.1|0.352|0.341|0.87
Kam Jones|23|4.4|1.6|3.2|0.5|0|0.402|0.293|0.5
DeAndre Jordan|37|4.4|6.3|0.9|0.3|0.8|0.656|0|0.647
Tyler Kolek|24|4.4|1.6|2.7|0.4|0.1|0.435|0.386|0.7
Jase Richardson|20|4.4|1.2|1.1|0.4|0|0.473|0.354|0.717
John Konchar|29|4.4|4.3|2.1|1.5|0.7|0.472|0.283|0.727
Jarred Vanderbilt|26|4.4|4.5|1.3|0.8|0.3|0.471|0.293|0.589
Mouhamed Gueye|23|4.4|3.6|0.9|0.8|0.5|0.452|0.308|0.645
Moussa Cisse|23|4.5|5.7|0.2|0.5|1.2|0.574|0|0.469
Taelon Peter|23|4.5|1.6|1.1|0.7|0.1|0.38|0.328|0.625
Craig Porter Jr.|25|4.5|3.4|3.2|0.9|0.6|0.45|0.355|0.6
Josh Okogie|27|4.5|2.6|0.9|0.8|0.2|0.425|0.385|0.594
PJ Hall|23|4.5|3.9|0.5|0.2|0.5|0.508|0.6|0.793
Mike Conley|38|4.5|1.7|2.9|0.6|0.3|0.335|0.337|0.9
KJ Simpson|23|4.6|1.9|2.2|0.8|0|0.343|0.3|0.611
Malaki Branham|22|4.6|1.6|0.8|0.4|0.1|0.473|0.378|0.824
Lonzo Ball|28|4.6|4|3.9|1.3|0.3|0.301|0.272|0.667
Jeremiah Robinson-Earl|25|4.6|4.7|0.7|0.4|0|0.37|0.244|0.944
Zyon Pullin|24|4.6|0.6|1.8|0.2|0|0.692|0.333|1
Tyler Smith|21|4.7|2.8|0.4|0.5|0|0.42|0.286|0.667
Blake Wesley|22|4.8|1.3|2|0.5|0.2|0.452|0.278|0.553
Adem Bona|22|4.8|4.3|0.5|0.4|1.2|0.595|0.333|0.708
Jericho Sims|27|5|5.5|1.6|0.3|0.3|0.784|0|0.62
Jordan Hawkins|23|5.1|1.7|0.8|0.3|0.2|0.366|0.348|0.852
Ochai Agbaji|25|5.1|2.3|0.8|0.4|0.3|0.436|0.266|0.837
Sidy Cissoko|21|5.1|2.2|1.5|0.7|0.3|0.398|0.298|0.659
Johnny Furphy|21|5.1|4.4|1.2|0.6|0.2|0.47|0.324|0.486
Asa Newell|20|5.2|2.2|0.6|0.4|0.3|0.538|0.387|0.552
Marcus Sasser|25|5.2|1|2|0.5|0.1|0.39|0.415|0.833
Rayan Rupert|21|5.2|2.9|1.1|0.9|0.1|0.393|0.324|0.778
Nikola Topic|20|5.2|1.9|4.4|0.5|0|0.431|0.4|0.4
Jalen Pickett|26|5.2|2.3|2.3|0.3|0.1|0.422|0.386|0.789
Garrison Mathews|29|5.2|1.1|0.7|0.4|0.2|0.404|0.37|0.826
Andersson Garcia|25|5.2|8.4|2.8|1.6|0.8|0.31|0.077|0.778
Drew Eubanks|28|5.2|3|0.5|0.4|0.6|0.596|0.143|0.561
Trey Alexander|22|5.2|1.2|1|0.7|0.2|0.514|0.5|0.6
Jordan Walsh|21|5.4|4|0.8|0.7|0.5|0.509|0.384|0.772
Jamal Cain|26|5.4|2|0.7|0.3|0.1|0.487|0.384|0.848
Sion James|23|5.4|3.5|2|0.6|0.2|0.371|0.352|0.837
Pete Nance|25|5.4|2.7|1|0.3|0.3|0.515|0.42|0.364
Tyrese Proctor|21|5.4|1.3|1.5|0.5|0|0.413|0.351|0.889
Jett Howard|22|5.5|1.6|0.8|0.2|0.2|0.418|0.372|0.949
Aaron Holiday|29|5.5|1|1.1|0.5|0.1|0.417|0.394|0.854
Tre Mann|24|5.5|1.7|1.6|0.5|0.1|0.36|0.323|0.852
Spencer Jones|24|5.5|3.3|0.8|0.8|0.5|0.504|0.396|0.608
Eric Gordon|37|5.5|0.3|0.5|0.7|0.2|0.571|0.571|0.5
Killian Hayes|24|5.5|2.3|3.5|0.9|0.2|0.304|0.27|0.929
Baylor Scheierman|25|5.5|3.5|1.5|0.5|0.1|0.453|0.399|0.903
Terrence Shannon Jr.|25|5.6|1.1|0.9|0.3|0|0.45|0.408|0.8
Dru Smith|28|5.6|2.5|2.6|1.4|0.3|0.415|0.295|0.829
Guerschon Yabusele|30|5.6|3.5|0.9|0.4|0.2|0.401|0.352|0.75
E.J. Liddell|25|5.7|2.7|0.9|0.2|0.4|0.486|0.346|0.808
Karlo Matkovic|24|5.7|3.7|0.8|0.4|0.9|0.604|0.422|0.732
Doug McDermott|34|5.7|1.3|0.8|0.2|0.1|0.388|0.39|0.889
Yves Missi|21|5.7|5.8|1.3|0.3|1.5|0.544|0|0.559
Mitchell Robinson|27|5.7|8.8|0.9|0.9|1.2|0.723|0|0.408
Jamaree Bouyea|26|5.7|1.8|1.8|0.6|0.3|0.458|0.295|0.686
Nick Richards|28|5.8|5.1|0.3|0.2|0.7|0.512|0.278|0.644
Branden Carlson|26|5.8|3|0.7|0.2|0.6|0.527|0.36|0.577
Kobe Brown|26|5.8|3|1.3|0.4|0.2|0.469|0.374|0.797
Dean Wade|29|5.8|4.2|1.5|0.7|0.4|0.439|0.362|0.711
Matisse Thybulle|28|5.8|2|0.9|2|0.5|0.433|0.398|0.84
Kris Murray|25|5.8|3.6|1.4|0.9|0.4|0.467|0.279|0.684
Ryan Dunn|23|5.8|4.2|1.5|0.9|0.4|0.453|0.331|0.489
Anthony Gill|33|5.8|2.9|1.3|0.6|0.4|0.628|0.354|0.739
Nae'Qwan Tomlin|25|5.8|2.9|0.8|0.6|0.5|0.478|0.235|0.77
Steven Adams|32|5.8|8.6|1.5|0.7|0.6|0.504|0|0.58
Charles Bassey|25|5.8|4.4|0.5|0.3|0.8|0.66|0|0.7
Goga Bitadze|26|5.9|5|1.3|0.6|1|0.676|0.182|0.711
Gradey Dick|22|6|1.9|0.7|0.6|0.1|0.419|0.301|0.875
Tidjane Salaun|20|6|4|0.7|0.4|0.2|0.503|0.434|0.65
Hayden Gray|22|6|0|1|1|0|0.667|0|1
Justin Edwards|22|6|1.5|1.3|0.8|0.2|0.447|0.372|0.846
Mac McClung|27|6.1|0.9|0.9|1|0.3|0.39|0.233|0.778
Nick Smith Jr.|21|6.2|0.8|1|0.3|0.1|0.435|0.395|0.733
Thomas Bryant|28|6.2|3.4|0.6|0.3|0.4|0.506|0.359|0.803
Kyle Anderson|32|6.2|3.5|2.9|1|0.6|0.53|0.364|0.706
Kasparas Jakucionis|19|6.2|2.6|2.6|0.6|0.1|0.429|0.423|0.879
Jahmai Mashack|23|6.2|2.6|2.2|1.2|0.5|0.395|0.253|0.543
Alex Caruso|31|6.2|2.8|2|1.3|0.3|0.423|0.293|0.804
Rob Dillingham|21|6.3|2|2.2|0.7|0.1|0.396|0.316|0.745
Tyrese Martin|26|6.3|2.5|1.7|0.5|0.1|0.394|0.321|0.679
Jevon Carter|30|6.4|1.7|1.6|0.8|0.2|0.401|0.363|0.789
Andre Drummond|32|6.4|8.4|1.3|0.6|0.8|0.472|0.356|0.631
Will Richard|23|6.4|2.5|1.3|1.2|0.1|0.468|0.335|0.852
Jalen Wilson|25|6.4|2.1|0.9|0.4|0|0.396|0.355|0.719
Oso Ighodaro|23|6.5|5.1|2.3|0.9|0.7|0.653|0|0.453
Luke Kornet|30|6.5|6.1|1.9|0.5|1|0.643|0|0.825
Drake Powell|20|6.5|1.8|1.4|0.6|0.2|0.402|0.28|0.896
Trendon Watford|25|6.5|3.3|2.5|0.3|0.4|0.515|0.2|0.779
Kenrich Williams|31|6.5|3.3|1.4|0.6|0.1|0.473|0.388|0.635
Ryan Nembhard|22|6.6|2.2|5.3|0.4|0|0.415|0.356|0.806
Jamal Shead|23|6.6|1.7|5.4|0.9|0.2|0.367|0.321|0.784
Cole Anthony|25|6.7|2.5|3.5|0.6|0.3|0.424|0.306|0.615
Kevin Love|37|6.7|5.8|1.8|0.4|0.2|0.397|0.373|0.841
Robert Williams|28|6.7|7|1|0.6|1.5|0.708|0.391|0.596
Isaiah Jackson|24|6.7|5.3|0.9|0.7|0.9|0.637|0|0.648
Keon Ellis|26|6.7|1.9|1|1.2|0.6|0.44|0.363|0.729
Elijah Harkless|25|6.8|2|2.9|1.2|0.2|0.335|0.239|0.766
MarJon Beauchamp|25|6.8|2.3|1.1|0.6|0.3|0.434|0.34|0.684
Moritz Wagner|28|6.9|3.2|0.8|0.4|0.1|0.426|0.314|0.819
Javonte Green|32|6.9|2.8|0.7|1.2|0.3|0.447|0.381|0.84
Grant Williams|27|7|3.9|1.6|0.5|0.5|0.426|0.388|0.815
Patrick Williams|24|7|3|1.5|0.7|0.4|0.372|0.347|0.72
Ethan Thompson|26|7|2.2|1.8|0.6|0.3|0.378|0.328|0.787
Lawson Lovering|22|7|7.5|1.5|1.5|0.5|0.6|0|0.4
Ben Sheppard|24|7.1|3|1.8|0.6|0.1|0.434|0.362|0.765
Seth Curry|35|7.1|1.2|1|0.3|0|0.49|0.48|0.917
Leaky Black|26|7.1|5|1.5|1.2|0.5|0.388|0.345|0.875
Pat Spencer|29|7.2|2.4|3.5|0.7|0.1|0.427|0.357|0.772
Julian Strawther|23|7.2|2|1.1|0.4|0.1|0.467|0.387|0.814
Jaylin Williams|23|7.2|5.5|2.4|0.5|0.6|0.423|0.383|0.793
Terance Mann|29|7.2|3.2|3|0.7|0.2|0.457|0.364|0.788
Kobe Sanders|23|7.3|2.3|1.6|0.7|0.1|0.466|0.408|0.826
Jalen Slawson|26|7.3|4.4|2.8|1.5|1.1|0.442|0.375|0.706
Kris Dunn|31|7.3|3.3|3.6|1.6|0.2|0.476|0.374|0.765
Nikola Jovic|22|7.3|3.3|2.2|0.6|0.4|0.366|0.269|0.683
Cameron Payne|31|7.4|2|2.6|1.1|0.3|0.376|0.33|0.864
Jamir Watkins|24|7.4|3.9|1.3|1.1|0.5|0.446|0.297|0.695
Caris LeVert|31|7.4|2|2.7|0.9|0.7|0.417|0.333|0.679
Jose Alvarado|27|7.4|2.5|3.4|1|0.1|0.416|0.352|0.761
Bogdan Bogdanovic|33|7.4|2.6|2.2|0.4|0.1|0.388|0.347|0.8
Taylor Hendricks|22|7.4|3.7|0.9|0.8|0.5|0.459|0.342|0.681
Josh Minott|23|7.4|3.2|0.9|0.9|0.5|0.5|0.418|0.787
Jaxson Hayes|25|7.5|4.1|0.9|0.4|0.8|0.756|1|0.653
Gary Payton II|33|7.5|3.6|1.7|0.9|0.3|0.583|0.291|0.65
Ben Saraf|19|7.5|2.1|3.3|0.9|0.2|0.396|0.211|0.83
Ja'Kobe Walter|21|7.5|2.6|1.2|1|0.2|0.446|0.409|0.789
Vince Williams Jr.|25|7.5|3.9|4.2|0.7|0.4|0.353|0.311|0.78
Ousmane Dieng|22|7.6|3.2|2.4|0.4|0.3|0.422|0.341|0.711
Buddy Hield|33|7.6|2.3|1.4|0.8|0.2|0.437|0.349|0.811
Ryan Kalkbrenner|24|7.6|5.5|0.8|0.5|1.5|0.753|0|0.716
Dominick Barlow|22|7.7|4.8|1.2|0.9|0.7|0.539|0.256|0.718
Quinten Post|25|7.7|4|1.4|0.4|0.5|0.44|0.336|0.791
Leonard Miller|22|7.8|3.9|0.9|0.4|0.3|0.553|0.323|0.736
Walter Clayton|22|7.8|2|4|0.6|0.3|0.384|0.307|0.901
Paul Reed|26|7.8|4.5|1.2|0.9|0.9|0.617|0.325|0.664
Oscar Tshiebwe|26|7.8|6.6|1.2|0.6|0.2|0.634|0|0.551
Tyson Etienne|26|7.9|1.1|1.7|0.5|0|0.4|0.398|0.833
Moussa Diabate|24|7.9|8.7|1.9|0.8|1|0.631|0.5|0.659
Bruce Brown|29|7.9|3.9|2.1|1|0.2|0.475|0.385|0.762
Nate Williams|26|8|2.1|1|0.4|0|0.489|0.433|0.867
Tre Scott|29|8|5.2|1.7|1.3|0.8|0.38|0.316|0.667
David Roddy|24|8|4|0.8|0.8|0.2|0.5|0.273|1
DeJon Jarreau|28|8|4.6|3.3|0.9|0.7|0.398|0.133|0.783
Mouhamadou Gueye|27|8|3|3|1|0.5|0.545|0.2|0.75
Gary Trent Jr.|27|8.1|1|1.2|0.5|0|0.387|0.36|0.769
Bryce McGowens|23|8.1|2.1|1.5|0.6|0.2|0.481|0.409|0.779
Bez Mbeng|22|8.1|3.8|4.1|2.3|0.3|0.5|0.194|0.64
Luka Garza|27|8.1|4.1|1|0.4|0.4|0.577|0.433|0.769
Sharife Cooper|24|8.1|2.1|3|0.4|0.1|0.514|0.382|0.833
Jake LaRavia|24|8.2|4|1.8|1.3|0.5|0.459|0.321|0.763
Chaney Johnson|23|8.2|4.6|2.1|0.9|0.5|0.543|0.3|0.8
Ron Holland|20|8.2|4|1.2|1.2|0.3|0.432|0.253|0.805
LJ Cryer|24|8.2|1.6|1|0.2|0|0.402|0.394|0.895
Bradley Beal|32|8.2|0.8|1.7|0.5|0|0.375|0.368|0.75
Malachi Smith|26|8.3|3.4|3.3|0.8|0.3|0.485|0.435|1
Kadary Richmond|24|8.3|3.3|2.7|2.7|0.3|0.625|0.5|1
Josh Oduro|25|8.3|7.7|1.3|0|0|0.647|0|0.5
Al Horford|39|8.3|4.9|2.6|0.7|1.1|0.426|0.361|0.846
Luguentz Dort|26|8.3|3.6|1.2|0.9|0.4|0.385|0.344|0.759
Jared McCain|21|8.3|2|1.3|0.5|0.1|0.425|0.385|0.864
Draymond Green|35|8.4|5.5|5.5|0.9|0.6|0.418|0.326|0.702
Kentavious Caldwell-Pope|32|8.4|2.5|2.7|0.8|0.2|0.41|0.316|0.913
Luke Kennard|29|8.4|2.3|2.2|0.7|0.1|0.533|0.478|0.913
Collin Murray-Boyles|20|8.5|5|1.9|0.9|0.9|0.579|0.34|0.657
Brook Lopez|37|8.5|3.6|1.3|0.6|1.2|0.428|0.36|0.757
Bones Hyland|25|8.5|1.8|2.6|0.6|0.2|0.453|0.388|0.78
Simone Fontecchio|30|8.5|3|1.4|0.5|0.1|0.412|0.375|0.843
Vit Krejci|25|8.5|2.3|1.5|0.7|0.3|0.448|0.39|0.745
Jaden Ivey|23|8.5|2.5|1.8|0.6|0.4|0.445|0.373|0.809
Cason Wallace|22|8.6|3.1|2.6|1.9|0.4|0.432|0.351|0.809
Nique Clifford|23|8.6|3.8|2.4|0.9|0.3|0.418|0.333|0.722
Jordan Clarkson|33|8.6|1.8|1.3|0.4|0.1|0.451|0.327|0.83
Day'Ron Sharpe|24|8.7|6.7|2.3|1.1|0.4|0.601|0.231|0.678
Jonas Valanciunas|33|8.7|5.1|1.2|0.2|0.6|0.582|0.308|0.772
Jordan Goodwin|27|8.7|4.9|2.2|1.5|0.2|0.413|0.371|0.696
Justin Champagnie|24|8.7|5.6|1.2|0.9|0.6|0.502|0.319|0.784
Cody Williams|21|8.8|3|2|0.8|0.4|0.468|0.214|0.706
Payton Sandfort|23|8.8|2.5|0|0.3|0|0.5|0.412|0.5
John Poulakidas|22|8.8|2.3|0.8|0.5|0.3|0.429|0.403|0.857
Danny Wolf|21|8.9|4.9|2.2|0.5|0.6|0.405|0.322|0.771
Nolan Traore|19|8.9|1.8|3.8|0.8|0.4|0.38|0.318|0.787
Herbert Jones|27|8.9|3.4|2.8|1.6|0.5|0.383|0.309|0.806
Devin Carter|23|8.9|3.3|2.7|0.9|0.2|0.414|0.263|0.713
Tristan Vukcevic|22|9|3|1.1|0.5|0.7|0.479|0.347|0.784
Quenton Jackson|27|9.1|2.3|2.9|0.6|0.1|0.47|0.356|0.824
Cam Whitmore|21|9.2|2.8|0.7|0.7|0.4|0.456|0.286|0.742
Gui Santos|23|9.2|3.9|2.3|0.9|0.3|0.5|0.351|0.725
Taurean Prince|31|9.2|3.1|1.8|0.6|0.2|0.45|0.436|1
Corey Kispert|26|9.2|2.3|1.6|0.3|0.2|0.467|0.367|0.794
Sam Hauser|28|9.2|3.8|1.5|0.5|0.3|0.419|0.393|0.85
Isaiah Hartenstein|27|9.2|9.4|3.5|1|0.8|0.622|0|0.61
Jaden Hardy|23|9.2|1.5|1|0.3|0.1|0.424|0.397|0.733
Daniss Jenkins|24|9.3|2.3|3.9|0.9|0.2|0.408|0.374|0.832
Davion Mitchell|27|9.3|2.7|6.5|1|0.2|0.49|0.395|0.646
Isaac Okoro|25|9.3|2.7|1.6|0.7|0.5|0.46|0.33|0.795
Landry Shamet|28|9.3|1.8|1.4|0.6|0.2|0.437|0.392|0.711
Marcus Smart|31|9.3|2.8|3|1.4|0.4|0.395|0.331|0.822
T.J. McConnell|33|9.4|2.2|5.1|1|0.2|0.538|0.32|0.862
Svi Mykhailiuk|28|9.4|2.5|1.9|0.5|0.1|0.478|0.408|0.893
Aaron Wiggins|27|9.4|3.1|1.7|0.9|0.4|0.431|0.356|0.736
Daniel Gafford|27|9.5|6.9|1.1|0.8|1.3|0.655|0|0.683
Jay Huff|27|9.5|4|1.5|0.5|1.9|0.476|0.319|0.828
Zaccharie Risacher|20|9.6|3.8|1.1|0.9|0.5|0.455|0.368|0.644
Javon Small|23|9.7|3.1|3.7|0.8|0.2|0.465|0.423|0.829
Micah Potter|27|9.7|5|1.5|0.5|0.3|0.515|0.423|0.842
Zach Collins|28|9.7|5.6|1.5|0.2|0.4|0.578|0.429|0.7
Royce O'Neale|32|9.8|4.8|2.7|1.1|0.4|0.421|0.408|0.711
Harrison Barnes|33|9.9|2.8|1.9|0.6|0.2|0.456|0.388|0.829
Tristan Da Silva|24|9.9|3.7|1.6|0.9|0.3|0.45|0.374|0.884
Ausar Thompson|23|9.9|5.7|3.1|2|0.9|0.525|0.25|0.571
Kevin Huerter|27|10|3.5|2.6|0.9|0.5|0.451|0.308|0.775
Jordan Miller|26|10|3|2.3|0.8|0.2|0.531|0.345|0.777
Toby Okani|24|10|3.5|1|0.7|0.5|0.357|0.29|0.125
Olivier-Maxence Prosper|23|10|3.5|1|0.8|0.2|0.549|0.405|0.754
Isaiah Stewart|24|10|5|1.1|0.3|1.6|0.55|0.333|0.756
Precious Achiuwa|26|10.1|6.7|1.4|0.9|0.7|0.528|0.278|0.554
Derrick Jones Jr.|28|10.1|3.5|1.4|0.9|1|0.499|0.359|0.763
Neemias Queta|26|10.2|8.4|1.7|0.8|1.3|0.653|0.125|0.703
D'Angelo Russell|29|10.2|2.3|4|0.5|0.1|0.405|0.295|0.717
Jalen Smith|25|10.2|6.7|1.2|0.5|0.8|0.483|0.373|0.742
Ziaire Williams|24|10.2|2.4|1.1|1.4|0.4|0.425|0.343|0.85
Khris Middleton|34|10.2|3.7|2.8|0.7|0.1|0.42|0.36|0.875
DaQuan Jeffries|28|10.3|1.7|0.3|0.7|0|0.579|0.444|1
Will Riley|19|10.3|2.9|2|0.7|0.1|0.439|0.316|0.8
Egor Demin|19|10.3|3.2|3.3|0.8|0.3|0.399|0.385|0.831
Adama-Alpha Bal|22|10.4|3.1|2.4|1.1|0.1|0.412|0.409|0.9
A.J. Green|26|10.4|2.7|1.9|0.5|0.1|0.424|0.419|0.855
Caleb Love|24|10.4|2.3|2.5|0.6|0.1|0.388|0.318|0.735
Lucas Williamson|27|10.4|5.4|2.6|1.6|0.1|0.333|0.283|1
Tari Eason|24|10.5|6.3|1.5|1.2|0.5|0.416|0.358|0.776
Marvin Bagley III|26|10.5|6.1|1.4|0.5|0.7|0.618|0.462|0.66
Jock Landale|30|10.6|5.7|1.7|0.5|0.5|0.515|0.383|0.635
Bub Carrington|20|10.7|3.4|4.6|0.6|0.2|0.424|0.408|0.73
Jakob Poeltl|30|10.7|7|2|0.9|0.7|0.7|0|0.602
Daeqwon Plowden|27|10.8|3|1.3|0.7|0.2|0.43|0.333|0.857
Tyler Burton|25|10.8|4.2|1|0.9|0.3|0.375|0.333|0.852
Dennis Schroder|32|10.8|2.7|4.9|0.8|0.2|0.405|0.329|0.834
Jusuf Nurkic|31|10.9|10.4|4.8|1.3|0.5|0.503|0.352|0.549
Rudy Gobert|33|10.9|11.5|1.7|0.8|1.6|0.682|0|0.526
Alondes Williams|26|11|6.3|3|0.8|0.8|0.615|0.357|0.875
Cam Spencer|25|11.1|2.5|5.6|0.7|0.2|0.473|0.449|0.94
Isaiah Joe|26|11.1|2.5|1.3|0.7|0.2|0.455|0.423|0.894
Julian Champagnie|24|11.1|5.8|1.5|0.8|0.5|0.437|0.381|0.844
Kel'el Ware|21|11.1|9|0.7|0.8|1.1|0.53|0.395|0.74
Max Strus|29|11.2|5.4|2|0.3|0|0.443|0.402|0.778
Sandro Mamukelashvili|26|11.2|4.9|1.9|0.8|0.5|0.523|0.389|0.747
Scotty Pippen Jr.|25|11.4|2.2|4.7|1.9|0.4|0.448|0.313|0.783
Pelle Larsson|24|11.4|3.5|3.4|0.7|0.2|0.496|0.323|0.797
Kyle Filipowski|22|11.4|7.2|2.6|0.9|0.5|0.492|0.325|0.75
Rui Hachimura|27|11.5|3.3|0.8|0.6|0.3|0.514|0.443|0.694
Jarace Walker|22|11.6|5.1|2.5|0.8|0.3|0.419|0.374|0.749
Obi Toppin|27|11.6|4.4|2.3|0.5|0|0.503|0.352|0.913
Bilal Coulibaly|21|11.7|4.3|2.6|1.3|1|0.425|0.319|0.746
Derik Queen|21|11.7|7.1|3.7|1|0.9|0.473|0.261|0.795
Klay Thompson|35|11.7|2.1|1.4|0.5|0.3|0.393|0.383|0.766
Mark Williams|24|11.7|8|1|0.9|0.9|0.644|1|0.771
Isaiah Collier|21|11.7|2.5|7.2|1.1|0.3|0.495|0.27|0.722
Nic Claxton|26|11.7|6.9|3.7|0.7|1.1|0.571|0.158|0.616
Julian Reese|22|11.8|10.5|1.8|1.4|0.6|0.529|0|0.636
Dylan Harper|19|11.8|3.4|3.9|0.8|0.3|0.505|0.343|0.756
Wendell Carter Jr.|26|11.8|7.4|2|0.8|0.6|0.512|0.319|0.792
Myles Turner|29|11.9|5.3|1.5|0.7|1.6|0.44|0.383|0.74
Blake Hinson|26|11.9|2.4|1.1|0.4|0.1|0.513|0.468|0.75
Dyson Daniels|22|11.9|6.8|5.9|2|0.4|0.517|0.188|0.615
Tristen Newton|24|12|3|0|1|0|0.444|0.4|0.667
Miles McBride|25|12|2.4|2.6|0.9|0.2|0.423|0.413|0.787
Josh Hart|30|12|7.4|4.8|1.1|0.3|0.508|0.413|0.72
Christian Braun|24|12|4.8|2.7|0.7|0.3|0.519|0.301|0.782
Moses Moody|23|12.1|3.3|1.6|1|0.6|0.44|0.401|0.77
Donovan Clingan|21|12.1|11.6|2.1|0.6|1.7|0.52|0.341|0.68
Duncan Robinson|31|12.2|2.7|2.1|0.6|0.3|0.456|0.41|0.755
Tre Johnson|19|12.2|2.8|2|0.6|0.3|0.419|0.358|0.874
Cameron Johnson|29|12.2|3.8|2.4|0.7|0.4|0.48|0.43|0.839
Donte DiVincenzo|29|12.2|4.1|3.8|1.3|0.4|0.406|0.379|0.743
Jonathan Kuminga|23|12.2|5.6|2.3|0.6|0.3|0.463|0.333|0.724
De'Anthony Melton|27|12.3|3.2|2.6|1.6|0.4|0.407|0.294|0.826
Noah Clowney|21|12.3|4.1|1.6|0.8|0.7|0.396|0.329|0.804
Max Christie|22|12.3|3.2|2|0.6|0.4|0.441|0.404|0.899
Jaylen Wells|22|12.5|3.2|1.6|0.9|0.1|0.431|0.353|0.784
Maxime Raynaud|22|12.5|7.5|1.4|0.5|0.5|0.571|0.324|0.786
Malik Monk|27|12.5|1.9|3|0.6|0.4|0.438|0.395|0.879
GG Jackson II|21|12.5|4.3|1.5|0.6|0.8|0.496|0.332|0.742
Deandre Ayton|27|12.5|8|0.8|0.6|1|0.671|0|0.645
Collin Gillespie|26|12.7|4.1|4.6|1.2|0.2|0.418|0.401|0.874
Sam Merrill|29|12.8|2.6|2.4|0.6|0.1|0.461|0.421|0.855
Brandon Williams|26|13|2.9|3.9|0.9|0.3|0.472|0.232|0.793
Kyle Kuzma|30|13|4.5|2.7|0.7|0.4|0.492|0.347|0.726
Jaylon Tyson|23|13.2|5.1|2.2|0.8|0.4|0.493|0.446|0.738
Keldon Johnson|26|13.2|5.4|1.4|0.6|0.1|0.519|0.363|0.794
Tobias Harris|33|13.3|5.1|2.5|0.9|0.4|0.469|0.368|0.866
Jordan Poole|26|13.4|2|3.1|0.6|0.4|0.372|0.333|0.86
Quentin Grimes|25|13.4|3.6|3.3|0.9|0.4|0.45|0.334|0.84
Toumani Camara|25|13.4|5.1|2.5|1.1|0.4|0.44|0.37|0.708
Reed Sheppard|21|13.5|2.9|3.4|1.5|0.7|0.43|0.394|0.802
Tim Hardaway Jr.|33|13.5|2.6|1.4|0.5|0.1|0.447|0.407|0.811
Cam Thomas|24|13.5|1.7|2.6|0.2|0.1|0.41|0.31|0.811
Ajay Mitchell|23|13.6|3.3|3.6|1.2|0.3|0.485|0.347|0.87
Naz Reid|26|13.6|6.2|2.2|1|1|0.456|0.362|0.732
Cedric Coward|22|13.6|5.9|2.8|0.6|0.4|0.471|0.338|0.843
Zach Edey|23|13.6|11.1|1.1|0.6|1.9|0.633|0.2|0.781
John Collins|28|13.6|5.3|1|0.9|0.7|0.552|0.406|0.766
Bobby Portis|30|13.7|6.4|1.6|0.6|0.2|0.488|0.456|0.706
De'Andre Hunter|28|13.7|4.1|2|0.7|0.1|0.415|0.305|0.867
Ace Bailey|19|13.8|4.2|1.8|0.8|0.7|0.443|0.344|0.75
Aaron Nesmith|26|13.8|4.2|1.9|0.6|0.5|0.414|0.379|0.829
Brandin Podziemski|22|13.8|5.1|3.7|1.1|0.2|0.455|0.371|0.797
Jalen Suggs|24|13.8|3.9|5.5|1.8|0.7|0.435|0.339|0.855
Devin Vassell|25|13.9|4|2.5|0.9|0.4|0.437|0.384|0.815
Keegan Murray|25|14|5.7|1.7|1|1.6|0.42|0.277|0.776
Santi Aldama|25|14|6.7|2.9|0.9|0.7|0.479|0.35|0.667
Tre Jones|26|14.1|3.1|5.4|1.2|0.2|0.553|0.315|0.841
Kelly Oubre Jr.|30|14.1|5|1.6|1.4|0.5|0.467|0.36|0.766
Ivica Zubac|28|14.1|10.6|2.2|0.4|0.8|0.598|0|0.711
P.J. Washington|27|14.2|7|1.8|1|1.1|0.45|0.325|0.687
Scoot Henderson|21|14.2|2.7|3.7|0.9|0.3|0.418|0.352|0.84
Jeremiah Fears|19|14.3|3.7|3.4|1.2|0.4|0.434|0.33|0.789
Cormac Ryan|27|14.3|2.5|1.7|1|0.3|0.52|0.458|0.923
Anfernee Simons|26|14.3|2.5|2.4|0.5|0.1|0.44|0.385|0.896
Walker Kessler|24|14.4|10.8|3|1.4|1.8|0.703|0.75|0.7
Mikal Bridges|29|14.4|3.8|3.7|1.3|0.8|0.49|0.371|0.827
Peyton Watson|23|14.6|4.9|2.1|0.9|1.1|0.491|0.411|0.73
Ayo Dosunmu|26|14.8|3.4|3.6|0.8|0.3|0.517|0.439|0.876
Kyshawn George|22|14.8|5.1|4.5|1|0.9|0.438|0.381|0.802
Jaden McDaniels|25|14.8|4.2|2.7|1.1|1|0.515|0.412|0.835
Brice Sensabaugh|22|14.9|3.1|1.9|0.7|0.2|0.46|0.367|0.826
Anthony Black|22|15|3.8|3.7|1.4|0.7|0.447|0.333|0.732
Kennedy Chandler|23|15|3.4|6.7|1|0.2|0.445|0.395|0.651
Nikola Vucevic|35|15.1|8.4|3.3|0.6|0.6|0.493|0.369|0.828
Russell Westbrook|37|15.2|5.4|6.7|1.3|0.2|0.427|0.338|0.694
Onyeka Okongwu|25|15.2|7.6|3.1|1.1|1.1|0.48|0.376|0.757
Naji Marshall|28|15.2|4.7|3.3|1.1|0.1|0.51|0.291|0.76
Jarrett Allen|27|15.4|8.5|1.8|1|0.8|0.638|0.1|0.709
Jaime Jaquez Jr.|24|15.4|5|4.7|0.7|0.3|0.507|0.317|0.769
Andrew Wiggins|30|15.4|4.8|2.7|1.1|1|0.475|0.414|0.784
Collin Sexton|27|15.4|2.3|3.3|1.1|0.1|0.485|0.401|0.855
Jabari Smith Jr.|22|15.8|6.9|1.9|0.7|0.9|0.45|0.363|0.775
Domantas Sabonis|29|15.8|11.4|4.1|0.9|0.2|0.543|0.185|0.727
VJ Edgecombe|20|16|5.6|4.2|1.4|0.5|0.438|0.354|0.818
Aaron Gordon|30|16.2|5.8|2.7|0.6|0.3|0.497|0.389|0.767
Dariq Whitehead|21|16.3|4|1.5|0.7|0|0.398|0.317|0.714
Alex Sarr|20|16.3|7.4|2.7|0.8|2|0.482|0.333|0.692
Jrue Holiday|35|16.3|4.6|6.1|1|0.1|0.451|0.378|0.838
Matas Buzelis|21|16.3|5.8|2.1|0.7|1.5|0.463|0.349|0.786
Immanuel Quickley|26|16.4|4|5.9|1.3|0.1|0.443|0.374|0.821
Derrick White|31|16.5|4.4|5.4|1.1|1.3|0.394|0.327|0.902
Grayson Allen|30|16.5|3|3.8|1.4|0.3|0.403|0.349|0.857
Dejounte Murray|29|16.7|5.4|6.4|1.6|0.2|0.484|0.306|0.867
Stephon Castle|21|16.7|5.3|7.4|1.1|0.3|0.471|0.332|0.734
OG Anunoby|28|16.7|5.2|2.2|1.6|0.7|0.484|0.386|0.828
Kristaps Porzingis|30|16.7|5.2|2.5|0.6|1.2|0.446|0.338|0.842
Andrew Nembhard|26|16.9|2.8|7.7|0.9|0.1|0.442|0.361|0.825
Payton Pritchard|28|17|3.9|5.2|0.7|0.1|0.464|0.377|0.89
Josh Giddey|23|17|8.3|9.1|1|0.5|0.448|0.364|0.763
Jalen Williams|24|17.1|4.6|5.5|1.2|0.3|0.484|0.299|0.837
Chet Holmgren|23|17.1|8.9|1.7|0.6|1.9|0.557|0.362|0.792
Miles Bridges|27|17.1|5.8|3.2|0.6|0.4|0.46|0.333|0.822
Ryan Rollins|23|17.3|4.6|5.6|1.5|0.4|0.472|0.406|0.796
Paul George|35|17.3|5.3|3.6|1.7|0.4|0.439|0.392|0.82
Kevin Porter Jr.|25|17.4|5.2|7.4|2.2|0.5|0.465|0.322|0.878
Coby White|25|17.4|3.4|4|0.5|0.1|0.446|0.362|0.817
Bennedict Mathurin|23|17.6|5.4|2.4|0.8|0.2|0.43|0.315|0.869
Saddiq Bey|26|17.7|5.6|2.5|0.9|0.1|0.451|0.367|0.841
Jalen Green|23|17.8|3.6|2.8|1.1|0.3|0.422|0.313|0.747
Trae Young|27|17.9|2|8|0.9|0.1|0.458|0.338|0.825
Scottie Barnes|24|18.1|7.5|5.9|1.4|1.5|0.507|0.304|0.815
Evan Mobley|24|18.2|9|3.6|0.7|1.7|0.546|0.297|0.606
Amen Thompson|23|18.3|7.8|5.3|1.5|0.6|0.534|0.216|0.779
DeMar DeRozan|36|18.4|2.9|4.1|1|0.3|0.497|0.32|0.868
Kon Knueppel|20|18.5|5.3|3.4|0.7|0.2|0.475|0.425|0.863
Jerami Grant|31|18.6|3.5|2.1|0.7|0.6|0.453|0.389|0.814
De'Aaron Fox|28|18.6|3.8|6.2|1.2|0.3|0.486|0.332|0.76
CJ McCollum|34|18.7|3.3|3.9|0.8|0.5|0.455|0.375|0.772
Darius Garland|26|18.8|2.4|6.7|1|0.2|0.46|0.396|0.861
Zach LaVine|30|19.2|2.8|2.3|0.7|0.3|0.479|0.39|0.88
RJ Barrett|25|19.3|5.3|3.3|0.7|0.3|0.491|0.339|0.717
Jaren Jackson Jr.|26|19.4|5.7|2|1.1|1.4|0.476|0.357|0.803
Ja Morant|26|19.5|3.3|8.1|1|0.3|0.41|0.235|0.897
Jalen Duren|22|19.5|10.5|2|0.8|0.8|0.65|0|0.747
Ty Jerome|28|19.7|2.8|5.7|1.1|0.3|0.474|0.42|0.875
Jimmy Butler|36|20|5.6|4.9|1.4|0.2|0.519|0.376|0.864
Karl-Anthony Towns|30|20.1|11.9|3|0.9|0.5|0.501|0.368|0.858
Desmond Bane|27|20.1|4.1|4.1|1|0.5|0.484|0.391|0.908
LaMelo Ball|24|20.1|4.8|7.1|1.2|0.2|0.407|0.368|0.899
Bam Adebayo|28|20.1|10|3.2|1.2|0.7|0.442|0.318|0.778
Brandon Miller|23|20.2|4.9|3.3|1|0.7|0.435|0.383|0.892
Dillon Brooks|30|20.2|3.6|1.8|1|0.2|0.435|0.344|0.842
Alperen Sengun|23|20.4|8.9|6.2|1.2|1.1|0.519|0.305|0.691
Anthony Davis|32|20.4|11.1|2.8|1.1|1.7|0.506|0.27|0.728
Tyler Herro|26|20.5|4.8|4.1|0.7|0.4|0.48|0.378|0.917
Franz Wagner|24|20.6|5.2|3.3|0.9|0.3|0.481|0.345|0.823
Shaedon Sharpe|22|20.8|4.3|2.6|1.4|0.1|0.452|0.337|0.787
Nickeil Alexander-Walker|27|20.8|3.4|3.7|1.3|0.5|0.459|0.399|0.902
LeBron James|41|20.9|6.1|7.2|1.2|0.6|0.515|0.317|0.737
Zion Williamson|25|21|5.7|3.2|1|0.5|0.6|0.25|0.716
Cooper Flagg|19|21|6.7|4.5|1.2|0.9|0.468|0.295|0.827
Julius Randle|31|21.1|6.7|5|1.1|0.2|0.481|0.315|0.802
Trey Murphy III|25|21.5|5.7|3.8|1.5|0.4|0.47|0.379|0.886
Brandon Ingram|28|21.5|5.6|3.7|0.8|0.7|0.477|0.382|0.82
Norman Powell|32|21.7|3.5|2.5|1.1|0.2|0.47|0.38|0.827
Jayson Tatum|27|21.8|10|5.3|1.4|0.2|0.411|0.329|0.823
Paolo Banchero|23|22.2|8.4|5.2|0.7|0.6|0.459|0.305|0.775
Jalen Johnson|24|22.5|10.3|7.9|1.2|0.4|0.489|0.352|0.788
Austin Reaves|27|23.3|4.7|5.5|1.1|0.4|0.49|0.36|0.871
Keyonte George|22|23.6|3.7|6.1|1.1|0.3|0.456|0.371|0.892
James Harden|36|23.6|4.8|8|1.1|0.4|0.434|0.375|0.884
Cade Cunningham|24|23.9|5.5|9.9|1.4|0.8|0.461|0.342|0.812
Pascal Siakam|31|24|6.6|3.8|1.1|0.4|0.484|0.358|0.693
Michael Porter Jr.|27|24.2|7.1|3|1.1|0.3|0.463|0.363|0.859
Deni Avdija|25|24.2|6.9|6.7|0.8|0.6|0.462|0.318|0.802
Victor Wembanyama|22|25|11.5|3.1|1|3.1|0.512|0.349|0.827
Jamal Murray|28|25.4|4.4|7.1|0.9|0.4|0.483|0.435|0.887
Kevin Durant|37|26|5.5|4.8|0.8|0.9|0.52|0.413|0.874
Jalen Brunson|29|26|3.3|6.8|0.8|0.1|0.467|0.369|0.841
Devin Booker|29|26.1|3.9|6|0.8|0.3|0.456|0.33|0.873
Stephen Curry|37|26.6|3.6|4.7|1.1|0.4|0.468|0.393|0.923
Lauri Markkanen|28|26.7|6.9|2.1|1|0.5|0.477|0.355|0.896
Joel Embiid|31|26.9|7.7|3.9|0.6|1.2|0.489|0.333|0.854
Giannis Antetokounmpo|31|27.6|9.8|5.4|0.9|0.7|0.624|0.333|0.65
Nikola Jokic|30|27.7|12.9|10.7|1.4|0.8|0.569|0.38|0.831
Donovan Mitchell|29|27.9|4.5|5.7|1.5|0.3|0.483|0.364|0.865
Kawhi Leonard|34|27.9|6.4|3.6|1.9|0.4|0.505|0.387|0.892
Tyrese Maxey|25|28.3|4.1|6.6|1.9|0.8|0.462|0.367|0.892
Jaylen Brown|29|28.7|6.9|5.1|1|0.4|0.477|0.347|0.795
Anthony Edwards|24|28.8|5|3.7|1.4|0.8|0.489|0.399|0.796
Shai Gilgeous-Alexander|27|31.1|4.3|6.6|1.4|0.8|0.553|0.386|0.879
Luka Doncic|26|33.5|7.7|8.3|1.6|0.5|0.476|0.366|0.78
